#doc name topic proportion ...
0	file:/Users/simonemordue/SDG/SDGclassy-master/project-simone/texts/caboverde.16.txt	0.009956755209214336	0.002522921487313691	1.3831756426934842E-4	0.0027897326605713572	0.29916814402451913	1.3156492440850485E-4	1.3800738335617473E-4	0.0025225441447688517	0.004913807728378681	0.17946297659483504	2.716495179237132E-4	1.3154777137848914E-4	0.021657834071546863	1.3195927206817196E-4	0.10801494152842678	0.36046327612875484	0.0074525413438477385	1.3147864441761972E-4
1	file:/Users/simonemordue/SDG/SDGclassy-master/project-simone/texts/caboverde.17.txt	0.09869400911647998	1.2906191645825662E-4	1.3540371163671568E-4	3.9025233978644345E-4	0.04475041440140707	1.28793325563666E-4	1.3510006511760264E-4	0.0024694032299761816	0.025876687868465618	1.2903538656659227E-4	0.15475283349130775	1.287765338861794E-4	1.3518519333124618E-4	0.04226197208841196	0.11978372019813323	0.46288301710043267	2.734110335535412E-4	0.04694292299948429
2	file:/Users/simonemordue/SDG/SDGclassy-master/project-simone/texts/caboverde.29.txt	0.005661967054666033	0.23299403866470253	1.5134520166502468E-4	0.11032036467039097	3.0951254128697717E-4	1.439565547718468E-4	1.510058059194092E-4	0.013225292305776931	1.440423608292099E-4	1.442271143514941E-4	0.010762393952801166	0.0027602274703953157	1.5110095653607643E-4	0.028923574571226546	4.554473193122194E-4	0.567089143920077	0.02385220770267754	0.0027601518326128786
3	file:/Users/simonemordue/SDG/SDGclassy-master/project-simone/texts/caboverde.15.txt	0.004671900419852677	0.17066409765173055	0.004442477184488505	3.599232005746575E-4	0.0024141886580852797	0.028183161878747077	1.246005286261229E-4	0.01307148078321661	0.0022776530339656278	0.006595402088755604	0.18374311570441157	1.1876844162058916E-4	0.019553863775874977	1.1913996669567999E-4	0.004693403196137262	0.5585959550375186	2.5216241963563E-4	1.187060300621842E-4
4	file:/Users/simonemordue/SDG/SDGclassy-master/project-simone/texts/caboverde.14.txt	2.8285936336857524E-4	9.502922133490284E-5	0.29998560169975563	0.0037343100186160634	2.0389154882171295E-4	0.16554912274906253	9.947515380784598E-5	9.475723438193395E-5	9.488798070438432E-5	9.500968718403828E-5	1.958038542586392E-4	9.481909208569228E-5	9.953783432645423E-5	9.511570008884952E-5	3.000261603460036E-4	0.4769792028881699	0.05190578054802947	9.476926565686268E-5
5	file:/Users/simonemordue/SDG/SDGclassy-master/project-simone/texts/caboverde.28.txt	0.0030643691653787827	0.2747797476685404	8.191103283233269E-5	0.1404188915246655	1.6751434239381754E-4	7.791215020113348E-5	8.172734510549087E-5	7.78511708615562E-5	7.795859014574063E-5	7.805858242605887E-5	1.6086960972076287E-4	7.790199225472797E-5	8.177884251142184E-5	7.814568109266541E-5	2.4649714635916614E-4	0.5802056070079614	1.6539709196607767E-4	7.786105558272043E-5
6	file:/Users/simonemordue/SDG/SDGclassy-master/project-simone/texts/caboverde.10.txt	5.79480476755374E-4	0.010787128998101745	0.09906708826730003	0.03942764419959008	0.01807178149780736	1.9427667740243794E-4	2.0378999962173005E-4	1.9412462328183305E-4	1.9439247703206873E-4	0.003725457533998308	4.0113401043220175E-4	1.942513482070326E-4	2.0391841020843933E-4	1.9485899486589554E-4	0.004145464997056184	0.525220114063377	0.2864084969856501	0.010786596439311916
7	file:/Users/simonemordue/SDG/SDGclassy-master/project-simone/texts/caboverde.38.txt	0.002545363718209905	6.485130327211514E-5	0.21883477254434158	1.9609481661717634E-4	1.3914280767027284E-4	6.471634115440275E-5	6.788536491210337E-5	0.05652059720007053	6.475491566801365E-5	0.08710106571755212	1.3362347871530126E-4	6.47079036369769E-5	0.03888138105366057	6.491031943388107E-5	2.0474846832213935E-4	0.47135197581634214	0.009546706069664524	0.11415270216075603
8	file:/Users/simonemordue/SDG/SDGclassy-master/project-simone/texts/caboverde.39.txt	0.10531116128801635	7.428777011026378E-5	7.793809419681276E-5	2.2462843338007154E-4	0.1092913539112757	7.413316975116007E-5	7.776331589330021E-5	7.407514809830457E-5	0.45142242573444996	7.42724995599179E-5	0.014973457180924526	7.41235044965976E-5	0.15367094758418673	7.435537367159333E-5	2.3454127176629719E-4	0.1640390763457979	1.5737482104416479E-4	7.408455337989568E-5
9	file:/Users/simonemordue/SDG/SDGclassy-master/project-simone/texts/caboverde.11.txt	0.07926927526809592	1.8868589388335334E-4	1.9795746930165043E-4	0.027947112106004583	0.04146969489986457	0.013876578785272075	1.9751354427360434E-4	0.027564716980019513	1.884054526227845E-4	1.8864710772194577E-4	3.88779627441056E-4	1.8826867037398032E-4	1.9763799998855742E-4	0.003610928993792496	5.957189110680812E-4	0.8033421871892761	3.9972136381770797E-4	1.8816973718131954E-4
10	file:/Users/simonemordue/SDG/SDGclassy-master/project-simone/texts/caboverde.13.txt	0.001495875003532751	0.38299565769231236	7.433272685851717E-5	2.1423726298634984E-4	0.010431876700880346	7.070381583046741E-5	7.416603368966722E-5	7.064847822286955E-5	7.07459592096734E-5	7.083670032968919E-5	0.0027159512991032485	7.069459768451691E-5	7.421276662022157E-5	7.091574073695469E-5	2.2369153968825652E-4	0.5470854334532995	0.05026441506487584	0.003925605164138528
11	file:/Users/simonemordue/SDG/SDGclassy-master/project-simone/texts/caboverde.12.txt	3.8415943024361566E-4	0.2973993216819825	1.354037116367157E-4	3.902523397864435E-4	0.007299043092364654	1.2879332556366604E-4	1.3510006511760267E-4	1.2869252316102974E-4	1.2887009349895606E-4	0.007151167507012049	0.01431019108239867	1.2877653388617945E-4	1.351851933312462E-4	0.0024698900725543815	4.0747415056052266E-4	0.6267327665774933	0.03538407163578083	0.007150840983626721
12	file:/Users/simonemordue/SDG/SDGclassy-master/project-simone/texts/caboverde.3.txt	0.00126032870083972	4.234190929390112E-4	4.442248986775044E-4	0.06271449664119966	0.023946290976481783	4.2253791500457364E-4	0.015801773378379392	0.05417711353970582	0.031139879103262727	4.2333205515921867E-4	0.062306616523230274	0.031139572158135426	4.435079960835282E-4	4.2380441394911984E-4	0.0013368183269015215	0.7122770318886366	8.96991575855E-4	4.222608155601805E-4
13	file:/Users/simonemordue/SDG/SDGclassy-master/project-simone/texts/caboverde.2.txt	0.017175710107066918	2.9930364579602105E-4	3.1401071407683606E-4	0.44059509281390913	6.421759859977127E-4	2.9868076465350686E-4	3.133065364797739E-4	2.984469968043846E-4	2.98858794885376E-4	2.9924212111456875E-4	6.167030163699635E-4	2.9864182357445976E-4	3.1350395478412597E-4	2.995760189247971E-4	9.449611642009598E-4	0.41663724688206544	0.12005605376883749	2.9848489045855917E-4
14	file:/Users/simonemordue/SDG/SDGclassy-master/project-simone/texts/caboverde.6.txt	0.010254784873854053	0.004383903342506985	4.188126184651847E-5	0.10654830679930045	8.565039158038202E-5	3.983662579714077E-5	0.012349740987997501	3.980544694858087E-5	3.9860370626292306E-5	3.991149686325736E-5	8.225292753484908E-5	3.983143202044766E-5	0.0029378027658742076	3.9956030571800606E-5	0.4294564175088596	0.43349567939925326	8.456783753982516E-5	3.981050102470522E-5
15	file:/Users/simonemordue/SDG/SDGclassy-master/project-simone/texts/caboverde.7.txt	2.1335990546787902E-4	0.37187656092666466	7.520243117939113E-5	2.1674387186760454E-4	1.5379473765418606E-4	7.153106133495529E-5	7.503378767486354E-5	7.147507626884934E-5	7.157369779817073E-5	7.166550060322746E-5	1.4769421573092206E-4	7.152173533528138E-5	7.508106738788299E-5	7.174546579539764E-5	2.2630876505898883E-4	0.558686485311987	0.06775273829076994	7.148415142072297E-5
16	file:/Users/simonemordue/SDG/SDGclassy-master/project-simone/texts/caboverde.5.txt	0.3355913436989622	0.07973977072261483	7.433272685851717E-5	0.038763714420151286	0.0027219812694473547	7.070381583046741E-5	7.416603368966722E-5	7.064847822286955E-5	7.07459592096734E-5	7.083670032968919E-5	1.4598615529225268E-4	7.069459768451691E-5	7.421276662022157E-5	7.091574073695469E-5	2.2369153968825652E-4	0.49054620028945767	1.500947605614189E-4	0.05146996032464196
17	file:/Users/simonemordue/SDG/SDGclassy-master/project-simone/texts/caboverde.4.txt	0.006830698723732938	1.1903164518981429E-4	0.05193603986985427	3.599232005746574E-4	0.05422534795121156	1.1878392830366014E-4	1.2460052862612288E-4	1.1869095993503401E-4	1.1885473008536429E-4	0.010912998696516126	0.0024040581784695136	1.1876844162058912E-4	1.2467904095261027E-4	1.1913996669567997E-4	0.004693403196137261	0.6147247109384053	0.21613199280766188	0.03681827719602664
18	file:/Users/simonemordue/SDG/SDGclassy-master/project-simone/texts/caboverde.9.txt	0.003729823765309063	0.24999994836202027	9.969873093318412E-5	2.8734561667557773E-4	2.0389154882171295E-4	9.483145591911617E-5	9.947515380784598E-5	0.0018182394353521791	9.488798070438432E-5	9.500968718403828E-5	0.0036427682561991272	9.481909208569228E-5	9.953783432645423E-5	9.511570008884952E-5	3.000261603460036E-4	0.7199901932249744	0.019159618729594832	9.476926565686268E-5
19	file:/Users/simonemordue/SDG/SDGclassy-master/project-simone/texts/caboverde.40.txt	1.9720833112651663E-4	0.049332033345944576	6.950952624872231E-5	2.0033612762986925E-4	1.4215231058671684E-4	0.3641522417575433	0.10220572553812297	6.6064336114183E-5	6.615549188765396E-5	0.0012678447202849642	1.3651360473498057E-4	0.0012677118382024403	0.0012710017249901169	6.631425686273108E-5	2.091769481183291E-4	0.47313555992508916	0.004946773117081885	0.001267677099430641
20	file:/Users/simonemordue/SDG/SDGclassy-master/project-simone/texts/caboverde.41.txt	4.39742121171909E-4	0.7825266932001659	1.5499480341253034E-4	4.4671659259064425E-4	3.169762566815096E-4	1.4742798358544784E-4	1.5464722333538228E-4	1.4731259643400811E-4	1.475158588061108E-4	1.4770506755241511E-4	3.04402870670164E-4	1.474087623785877E-4	1.547446684539765E-4	1.478698785704352E-4	0.003145810159569768	0.21100973073157045	3.129699244149593E-4	1.4733130063490342E-4
21	file:/Users/simonemordue/SDG/SDGclassy-master/project-simone/texts/caboverde.8.txt	2.3847125864000167E-4	0.43308076937047607	0.0015370756915440466	0.006054342798890801	1.7189557981934925E-4	7.994989588599164E-5	0.004442931848861774	7.98873216682629E-5	7.999755043957165E-5	8.010015795817059E-5	0.04666179144673284	7.993947226457393E-5	0.021879252588874677	8.018953463830359E-5	2.5294413177834064E-4	0.48495084093263535	1.6972295397311876E-4	7.989746491839657E-5
22	file:/Users/simonemordue/SDG/SDGclassy-master/project-simone/texts/caboverde.43.txt	4.195096570990426E-4	0.5062491640562773	1.4786351750530863E-4	4.2616323421265477E-4	3.0239223023398814E-4	0.002696746996867866	1.4753192953145193E-4	1.4053476763087065E-4	1.4072867793401533E-4	1.4090918121641803E-4	0.00795870379677452	1.4062650899584987E-4	1.4762489121585573E-4	1.4106640930608E-4	4.44969790459047E-4	0.47991634151481555	2.9857022866887464E-4	1.405526112544994E-4
23	file:/Users/simonemordue/SDG/SDGclassy-master/project-simone/texts/caboverde.42.txt	7.452563314178023E-4	0.259081663518557	2.626786314492921E-4	7.570763703289098E-4	5.371979413103807E-4	2.4985470553152343E-4	0.2545524775380134	2.4965915227193226E-4	0.018413602773490113	2.503242957089811E-4	0.018679488239720432	0.07744511847845098	2.6225471331046475E-4	2.506036104453988E-4	7.904861020898162E-4	0.3576103589971815	0.005071307964173218	0.004790590636548466
24	file:/Users/simonemordue/SDG/SDGclassy-master/project-simone/texts/caboverde.45.txt	4.293876861937935E-4	0.005376836136160084	1.5134520166502468E-4	0.1129366543546271	3.0951254128697717E-4	0.11787699234539725	1.510058059194092E-4	1.4384388459633314E-4	1.440423608292099E-4	1.442271143514941E-4	2.972352158566882E-4	1.439377861591937E-4	1.5110095653607643E-4	0.007993257097337579	0.024002054477437303	0.5252285089722991	3.0560054455245223E-4	0.20421445751879413
25	file:/Users/simonemordue/SDG/SDGclassy-master/project-simone/texts/caboverde.44.txt	0.04206494701330528	9.216986513833148E-5	0.521643370282792	0.0052935714485071155	0.015242372130344076	9.19780503318327E-5	9.648202292189518E-5	9.190606206363111E-5	9.203287432977727E-5	9.215091875504552E-5	0.0018615362136757138	0.0017635900053436001	0.0067830386047396975	9.225374181307036E-5	2.90998603888443E-4	0.4041204273108734	1.952571198500094E-4	9.191773132674877E-5
26	file:/Users/simonemordue/SDG/SDGclassy-master/project-simone/texts/caboverde.23.txt	5.448525459133211E-4	1.830482560798783E-4	1.9204281140409104E-4	5.534941072419709E-4	3.927422735550933E-4	1.826673141552351E-4	1.9161215015781746E-4	0.6475484538354775	1.8277619396318555E-4	1.8301062878798294E-4	0.0036969887829549192	0.0035024687779845144	1.917328873317125E-4	1.8321483415844757E-4	0.0038977450461961127	0.31788387203869656	0.020306729994612475	1.8254752132845257E-4
27	file:/Users/simonemordue/SDG/SDGclassy-master/project-simone/texts/caboverde.37.txt	5.141297679060693E-4	1.7272665443125292E-4	1.8121403083417326E-4	5.222840547008521E-4	3.7059658702944746E-4	1.7236719280301697E-4	1.8080765342389315E-4	0.5953717821628017	1.724699331697659E-4	1.726911488417238E-4	3.5589626217864833E-4	1.7234472009879762E-4	1.8092158255143028E-4	0.003305513049492535	5.45332416602536E-4	0.3970707560926855	3.6591253567483346E-4	1.7225415477338404E-4
28	file:/Users/simonemordue/SDG/SDGclassy-master/project-simone/texts/caboverde.36.txt	0.01114829533149347	1.1903164518981429E-4	1.2488057672798005E-4	0.4796131466619929	2.553903542050174E-4	1.1878392830366014E-4	1.2460052862612288E-4	1.1869095993503401E-4	1.1885473008536429E-4	0.12101171219440951	2.45259874589251E-4	0.09294709550847188	1.2467904095261027E-4	1.1913996669567997E-4	0.011169798107778052	0.27795217553308443	0.004569759027396155	1.1870603006218417E-4
29	file:/Users/simonemordue/SDG/SDGclassy-master/project-simone/texts/caboverde.22.txt	4.195096570990426E-4	0.1356143521569587	0.19952383129782844	4.2616323421265477E-4	0.015639005136412688	1.406448458380824E-4	0.0027036340805612347	1.4053476763087065E-4	1.4072867793401533E-4	1.4090918121641803E-4	2.903973436851704E-4	1.4062650899584987E-4	1.4762489121585573E-4	1.4106640930608E-4	4.44969790459047E-4	0.38534056192671357	0.25846488748267704	1.405526112544994E-4
30	file:/Users/simonemordue/SDG/SDGclassy-master/project-simone/texts/caboverde.34.txt	0.019195402067574068	1.4773543596176942E-4	1.5499480341253037E-4	4.467165925906443E-4	0.0056757362413678404	1.4742798358544784E-4	1.546472233353823E-4	0.005506072581120336	0.2171772952386025	1.4770506755241514E-4	3.0440287067016406E-4	0.09392570849438937	0.18503196414013234	1.4786987857043522E-4	0.04601589003706041	0.4253601301190237	3.1296992441495937E-4	1.4733130063490345E-4
31	file:/Users/simonemordue/SDG/SDGclassy-master/project-simone/texts/caboverde.20.txt	4.0105708528801484E-4	0.05389546387450857	1.4135958576303243E-4	0.12014721466543411	2.8909119115404116E-4	1.344584349324917E-4	0.0025847119027804263	1.3435319863055916E-4	1.3453857958584947E-4	1.347111432422524E-4	0.010052301191244967	0.0025781102244022774	1.4113145570094311E-4	1.3486145548965398E-4	0.281447369098888	0.5247857900314913	0.002729106624079093	1.3437025738370685E-4
32	file:/Users/simonemordue/SDG/SDGclassy-master/project-simone/texts/caboverde.21.txt	0.0020379529449826525	0.005348437251905624	1.0126955745108784E-4	0.14034282697319442	2.0710400948864213E-4	9.632559495473738E-5	1.010424577044085E-4	0.0018468871292015982	0.0018470199355281078	9.650663438376187E-5	1.9888888737489176E-4	9.631303632006353E-5	1.0110612580049004E-4	9.66143175995245E-5	0.21038118431606523	0.5947844858218397	0.042219772581364945	9.626242483935848E-5
33	file:/Users/simonemordue/SDG/SDGclassy-master/project-simone/texts/caboverde.35.txt	0.023449755257361087	2.5037576280357297E-4	0.013885377987015262	7.570763703289099E-4	0.5772314706602699	0.03657705298704078	0.018425688708203235	2.4965915227193226E-4	2.500036327354931E-4	2.5032429570898113E-4	5.158890989658191E-4	2.498221302438257E-4	2.622547133104648E-4	2.5060361044539883E-4	7.904861020898163E-4	0.325824060500861	5.304081789845588E-4	2.496908513598072E-4
34	file:/Users/simonemordue/SDG/SDGclassy-master/project-simone/texts/caboverde.31.txt	3.5430381209215273E-4	0.17714049256337133	1.2488057672798008E-4	0.09318825026742597	2.5539035420501745E-4	1.1878392830366017E-4	1.246005286261229E-4	0.01523027908709687	0.0065952496417261515	1.1900717711481452E-4	2.4525987458925107E-4	1.1876844162058916E-4	1.246790409526103E-4	1.1913996669567999E-4	3.7580658837673884E-4	0.7053942397013765	2.5216241963563E-4	1.187060300621842E-4
35	file:/Users/simonemordue/SDG/SDGclassy-master/project-simone/texts/caboverde.25.txt	0.12412868603013594	0.023461236092182054	4.442248986775044E-4	0.03967667964195665	9.084739772387411E-4	4.2253791500457364E-4	0.0311603180445414	0.0772149305389489	4.227897709386812E-4	4.2333205515921867E-4	8.724378585821874E-4	4.2248282581137546E-4	4.435079960835282E-4	4.2380441394911984E-4	0.0013368183269015215	0.6969184872224745	8.96991575855E-4	4.222608155601805E-4
36	file:/Users/simonemordue/SDG/SDGclassy-master/project-simone/texts/caboverde.19.txt	1.797165295068079E-4	6.037743158528367E-5	6.334423476799588E-5	1.8256689961731527E-4	0.564067720054892	6.025178004680043E-5	6.32021835925836E-5	6.02046229121799E-5	6.028769343541353E-5	6.0365020435946306E-5	0.0012194308325833801	6.024392460511422E-5	6.324200806626483E-5	6.043237642200495E-5	0.040706570207558954	0.37751356725975516	1.279064841593289E-4	0.015390570456057184
37	file:/Users/simonemordue/SDG/SDGclassy-master/project-simone/texts/caboverde.18.txt	0.00398370465615457	1.8868589388335334E-4	1.9795746930165043E-4	5.705409743895405E-4	0.007248980985345778	1.88293219464551E-4	1.9751354427360434E-4	1.8814584840445077E-4	1.884054526227845E-4	1.8864710772194577E-4	3.88779627441056E-4	0.16786976685151617	0.013885923565796083	0.42794778153382584	5.957189110680812E-4	0.3755832632577911	3.9972136381770797E-4	1.8816973718131954E-4
38	file:/Users/simonemordue/SDG/SDGclassy-master/project-simone/texts/caboverde.24.txt	0.08853070398086776	9.35777057426077E-5	0.0051896469564155995	2.82956580996622E-4	2.0077722505798426E-4	9.338296107749749E-5	9.795572920592079E-5	9.330987323074218E-5	0.005184909687573573	9.355846996443487E-5	0.13257106075772057	9.3370786094374E-5	0.0034923314957122135	9.366286358433399E-5	2.9544343680348503E-4	0.4934538237614709	1.9823955777791897E-4	0.269941288170703
39	file:/Users/simonemordue/SDG/SDGclassy-master/project-simone/texts/caboverde.30.txt	6.889446189206559E-4	0.2982744422018117	2.4283058326810344E-4	6.998715334062371E-4	4.966071609978145E-4	0.0044287641551095875	2.4228602905720134E-4	2.307948584546996E-4	2.3111330990782853E-4	0.00862698678239985	0.008872485457775678	2.3094552177952492E-4	2.4243869646581046E-4	2.3166795318596813E-4	7.30756819375522E-4	0.38096271336068577	0.29433552679504443	2.3082416235336567E-4
40	file:/Users/simonemordue/SDG/SDGclassy-master/project-simone/texts/caboverde.26.txt	2.919153600591055E-4	0.03567129231372951	1.0289067539147843E-4	0.0020752062771211	2.1041931997048185E-4	9.78675701941902E-5	0.03745454161904972	0.03567101161886985	9.792590467125086E-5	0.09970306931784295	2.0207269059851587E-4	9.785481052152933E-5	1.0272462753530532E-4	9.816091469643422E-5	3.0963176746753813E-4	0.3606292042814978	2.0775978414300708E-4	0.42697645114663946
41	file:/Users/simonemordue/SDG/SDGclassy-master/project-simone/texts/caboverde.32.txt	5.984991899030257E-4	2.01071342693877E-4	0.043971328630216924	0.35069100857188906	0.011371506291221963	2.0065289290409604E-4	2.10478445049378E-4	0.014787288221874091	2.0077249311032413E-4	2.0103001058689406E-4	0.06240816692969837	2.0062673239733335E-4	0.011150705350270252	2.0125432219140728E-4	6.348222373774443E-4	0.4585839306125384	4.25959300253473E-4	0.043960898425823486
42	file:/Users/simonemordue/SDG/SDGclassy-master/project-simone/texts/caboverde.33.txt	0.24953174850328522	0.010142524094374755	1.9204281140409107E-4	0.06363017441644284	3.927422735550934E-4	1.8266731415523513E-4	1.9161215015781752E-4	1.8252434631067191E-4	1.827761939631856E-4	0.06989934149685212	0.05349436797442928	1.8264349855288763E-4	1.9173288733171254E-4	1.832148341584476E-4	5.779197667644875E-4	0.5303526899223205	0.020306729994612485	1.825475213284526E-4
43	file:/Users/simonemordue/SDG/SDGclassy-master/project-simone/texts/caboverde.27.txt	8.115928432327336E-4	2.726621279737876E-4	0.0052311529610675625	8.244650035654571E-4	5.850148280356473E-4	2.720946905229641E-4	2.854185979508304E-4	0.301922546528966	2.7225687398630283E-4	2.7260607970707476E-4	5.618092500145657E-4	2.7205921565445616E-4	2.855984437219116E-4	2.7291025671507787E-4	8.608485913974346E-4	0.686147426758455	5.776206976155744E-4	2.7191625141752805E-4
