#doc name topic proportion ...
0	file:/Users/simonemordue/SDG/SDGclassy-master/project-simone/abstracts/1053.txt	0.01145854763941289	0.1424379294787045	9.25229558886947E-5	2.666640344128517E-4	0.004987522379566856	8.800600098656501E-5	9.231547063475256E-5	0.019281160485071638	8.805845742372355E-5	8.817140412969456E-5	0.11534105113394158	8.799452703495313E-5	0.161635336949693	8.826978679940031E-5	0.006676173022367793	0.3402849635211791	1.8682498944214547E-4	0.19681848776330937
1	file:/Users/simonemordue/SDG/SDGclassy-master/project-simone/abstracts/1735.txt	0.008687373060274896	1.513860220696541E-4	1.588247706268859E-4	0.003203343351700168	3.2480883328466295E-4	0.18410548443383137	0.019377586426066663	1.509527340527009E-4	0.013879102322185663	1.5135490324796584E-4	0.20623104430152134	1.5105127628607703E-4	1.585684547598801E-4	1.5152378679475262E-4	4.7795579395042E-4	0.5594223758649199	0.0030662917639861244	1.509719004399058E-4
2	file:/Users/simonemordue/SDG/SDGclassy-master/project-simone/abstracts/1721.txt	0.11818390189871919	6.847553790798925E-5	7.184026274754122E-5	2.070536345659428E-4	1.469188454281479E-4	6.833303339163775E-5	7.167915899749052E-5	6.827955131937075E-5	0.22981905769821032	6.846146211667752E-5	0.007592464600123109	6.832412434100667E-5	7.172432491769653E-5	0.0025523290298766314	2.1619089820549287E-4	0.1512047538112373	1.4506190599310837E-4	0.48937515022190126
3	file:/Users/simonemordue/SDG/SDGclassy-master/project-simone/abstracts/1047.txt	0.26001899294269615	0.07602156400889352	4.107826690920135E-5	0.0015386252385621636	8.400820536664468E-5	0.001459304789792814	0.03554678506920732	3.904225188310046E-5	3.90961225019212E-5	3.914626848882604E-5	0.11369923242993092	3.9067738739769454E-5	4.1011973650559324E-5	3.9189948346722874E-5	1.2361796964793485E-4	0.5082677792453338	0.0029234103209916044	3.904720905675909E-5
4	file:/Users/simonemordue/SDG/SDGclassy-master/project-simone/abstracts/1709.txt	0.16241717483201268	0.015456960849747124	8.088030298230735E-5	2.3310828853913908E-4	0.018341614852227937	7.693174040632174E-5	8.06989266952874E-5	7.687152840202719E-5	7.697759597254316E-5	7.707632999711083E-5	0.011344204337046304	7.692171028272851E-5	0.24895498829839877	7.716233265512775E-5	0.0030397351010684375	0.3883461489033538	0.15116566278147364	7.688128873851683E-5
5	file:/Users/simonemordue/SDG/SDGclassy-master/project-simone/abstracts/289.txt	0.01994574202749373	4.961923408205331E-5	0.09994220779989946	1.5003668572669598E-4	0.005505928973589665	0.12333735925155351	5.194066491131912E-5	4.9477216878323244E-5	4.954548569382968E-5	4.960903438146935E-5	0.10899150146128901	4.950951570009035E-5	5.197339336348907E-5	0.2745226001583098	1.566577950637191E-4	0.36604178074232785	0.001005027060761894	4.9483498973857736E-5
6	file:/Users/simonemordue/SDG/SDGclassy-master/project-simone/abstracts/504.txt	2.184722225858974E-4	0.18244324619192634	7.700435678201043E-5	2.2193727221123732E-4	0.004150980144175828	0.01338491278559654	7.683167241013641E-5	0.00672902157489261	0.40341682205659357	7.33826778052974E-5	1.5123311712693512E-4	7.323546777748095E-5	7.688008499245328E-5	7.346455904359573E-5	2.31731349827348E-4	0.38570982453742125	0.002817822945516422	7.31969833146713E-5
7	file:/Users/simonemordue/SDG/SDGclassy-master/project-simone/abstracts/1090.txt	0.0051714033146939885	6.847553790798925E-5	0.2794983477507219	0.005174635989907713	0.0051145012007699124	0.0013102286222270792	7.167915899749052E-5	6.827955131937075E-5	6.837376365357191E-5	6.846146211667752E-5	0.05851018374237622	0.26707587572396096	7.172432491769653E-5	6.85378522057487E-5	2.1619089820549287E-4	0.3759878553904522	0.0013869574948285508	6.828822073716552E-5
8	file:/Users/simonemordue/SDG/SDGclassy-master/project-simone/abstracts/262.txt	0.005719455205939769	0.0019072640863502565	1.0456453923315083E-4	3.013695533244414E-4	0.050826557174933576	9.945971628903405E-5	1.0433005039989055E-4	9.938187236099212E-5	0.27666185275997174	9.96466461518225E-5	2.0536008441622935E-4	0.001907043701718302	1.0439579004858836E-4	9.975783302893315E-5	3.146689724214863E-4	0.3719188453959042	2.1113969771736625E-4	0.2893149069197896
9	file:/Users/simonemordue/SDG/SDGclassy-master/project-simone/abstracts/276.txt	0.22473423070591123	0.3002131934727325	6.527410888817655E-5	0.001316516195299938	0.0023902648171600796	6.208743804208632E-5	6.512772991737494E-5	6.203884419686349E-5	0.11515761169599599	6.220412846417004E-5	0.009155292473472392	6.207934327295905E-5	6.51687677014922E-5	6.227353654817903E-5	0.005838366838537312	0.2773047405669033	0.06219309548581422	0.001190433851141439
10	file:/Users/simonemordue/SDG/SDGclassy-master/project-simone/abstracts/1084.txt	1.696829426748444E-4	5.700655521590146E-5	5.980772156248747E-5	1.7237417641606233E-4	0.001156201603525499	5.688791881189361E-5	0.006263014965365835	5.684339446350739E-5	5.6921827153424685E-5	5.6994836981928653E-5	0.005286910830562818	0.2657666689373738	5.971120218490283E-5	0.21200455504440027	1.7998103778734753E-4	0.5073849307104017	0.0011546556832790836	5.6850611838635873E-5
11	file:/Users/simonemordue/SDG/SDGclassy-master/project-simone/abstracts/510.txt	0.011538593470065408	2.0107134269387698E-4	0.018444441976504695	0.06260185919427948	4.3141201105957594E-4	2.00652892904096E-4	2.1047844504937794E-4	0.014787288221874088	2.007724931103241E-4	2.01030010586894E-4	4.1429934211152544E-4	0.022080815292722097	0.3721738165956289	2.0125432219140723E-4	6.348222373774441E-4	0.2616622335696153	0.004072657393640938	0.229942501188584
12	file:/Users/simonemordue/SDG/SDGclassy-master/project-simone/abstracts/538.txt	1.8709186307143243E-4	6.285524316410061E-5	6.594380010620902E-5	0.0047499152743918395	0.0035547521765199918	0.10493941394644728	0.03426471641218176	6.26753426469105E-5	0.09923963125153365	6.284232267727194E-5	0.09474652404140707	6.271625723041109E-5	0.19043982812166907	6.291244286574491E-5	0.0036183385586765933	0.463684004044331	1.3315560057807033E-4	6.268330050135355E-5
13	file:/Users/simonemordue/SDG/SDGclassy-master/project-simone/abstracts/1912.txt	0.0015684295714577924	7.42877701102638E-5	7.793809419681277E-5	0.004266553045713522	1.5938937827253245E-4	0.1536672684384223	0.009508920744671353	7.407514809830459E-5	7.417735721470601E-5	0.0014215807036710687	0.00823691616036878	7.412350449659762E-5	7.781231551564114E-5	7.435537367159334E-5	2.3454127176629727E-4	0.4833511207201405	1.5737482104416484E-4	0.3369011355811675
14	file:/Users/simonemordue/SDG/SDGclassy-master/project-simone/abstracts/1906.txt	0.04496794571163437	1.635069355873662E-4	1.7154127696558335E-4	0.06869900282871848	3.5081506374245867E-4	0.02388650474694594	1.7115659096986592E-4	1.6303895581677586E-4	1.6326391746775937E-4	0.0594718185397476	0.009233151187821042	1.631453879588256E-4	1.7126443884417968E-4	1.6365573061959536E-4	0.01830872749406898	0.2661556689165158	3.463810353891126E-4	0.5072494112411857
15	file:/Users/simonemordue/SDG/SDGclassy-master/project-simone/abstracts/1537.txt	0.0024925930938390784	0.019643782367857313	6.662737540039862E-5	0.0036473721146506287	0.06348420844998819	0.020795431119397585	6.64779616925067E-5	0.0012151059526345107	0.2707319275827969	6.349374796884577E-5	1.3085318920737682E-4	6.33663757240026E-5	6.651985027428215E-5	0.02425096382295563	2.0050361151246947E-4	0.3279732938198222	1.3453589529404888E-4	0.2649729436689839
16	file:/Users/simonemordue/SDG/SDGclassy-master/project-simone/abstracts/1251.txt	0.03888500893176114	0.013063778679198319	0.013705701648527479	0.0395017394434735	0.02802921070960641	0.013036591635192857	0.013674966238491282	0.013026388313295046	0.013044362163818256	0.013061093296533956	0.026917385838132427	0.013034891964489391	0.013683583003009533	0.013075667015082192	0.04124494867654242	0.6523116967937475	0.027674943382307304	0.013028042266791556
17	file:/Users/simonemordue/SDG/SDGclassy-master/project-simone/abstracts/909.txt	0.03888500893176114	0.013063778679198319	0.013705701648527479	0.0395017394434735	0.02802921070960641	0.013036591635192857	0.013674966238491282	0.013026388313295046	0.013044362163818256	0.013061093296533956	0.026917385838132427	0.013034891964489391	0.013683583003009533	0.013075667015082192	0.04124494867654242	0.6523116967937475	0.027674943382307304	0.013028042266791556
18	file:/Users/simonemordue/SDG/SDGclassy-master/project-simone/abstracts/1245.txt	0.03888500893176114	0.013063778679198319	0.013705701648527479	0.0395017394434735	0.02802921070960641	0.013036591635192857	0.013674966238491282	0.013026388313295046	0.013044362163818256	0.013061093296533956	0.026917385838132427	0.013034891964489391	0.013683583003009533	0.013075667015082192	0.04124494867654242	0.6523116967937475	0.027674943382307304	0.013028042266791556
19	file:/Users/simonemordue/SDG/SDGclassy-master/project-simone/abstracts/1523.txt	0.006213059409693572	8.226830499261425E-5	8.63107735554525E-5	2.4875966043799236E-4	0.11804813765579993	8.209709633369457E-5	8.611721928995066E-5	8.203284157108416E-5	0.382045894506823	8.225139396821016E-5	0.032994520138639113	8.208639276688949E-5	8.617148280962937E-5	8.234317102229573E-5	0.0017517833008143145	0.457689842220418	1.742811738271661E-4	8.204325723672239E-5
20	file:/Users/simonemordue/SDG/SDGclassy-master/project-simone/abstracts/921.txt	9.366523272375222E-4	0.45688181208348994	3.301394984387107E-4	9.515079768810007E-4	0.034917695716459196	3.140221445178814E-4	0.03457193428142389	3.1377636946308045E-4	3.1420931905945396E-4	3.1461233438145067E-4	0.24034612513717388	3.1398120327693344E-4	3.2960671006167615E-4	3.149633824529238E-4	9.934979629931625E-4	0.22687502025896034	6.666270842497343E-4	3.1381620947943143E-4
21	file:/Users/simonemordue/SDG/SDGclassy-master/project-simone/abstracts/935.txt	0.03888500893176114	0.013063778679198319	0.013705701648527479	0.0395017394434735	0.02802921070960641	0.013036591635192857	0.013674966238491282	0.013026388313295046	0.013044362163818256	0.013061093296533956	0.026917385838132427	0.013034891964489391	0.013683583003009533	0.013075667015082192	0.04124494867654242	0.6523116967937475	0.027674943382307304	0.013028042266791556
22	file:/Users/simonemordue/SDG/SDGclassy-master/project-simone/abstracts/1279.txt	0.04683077416047718	1.3473884007899841E-4	1.413595857630324E-4	4.0741799784096305E-4	0.11758521853900032	1.3445843493249164E-4	0.005028381222527226	0.20295890673761474	0.009909215858573042	1.3471114324225235E-4	0.010052301191244962	1.3444090465547723E-4	0.33492382826101225	1.3486145548965392E-4	4.25397328006186E-4	0.2682005114580774	0.0027291066240790903	1.343702573837068E-4
23	file:/Users/simonemordue/SDG/SDGclassy-master/project-simone/abstracts/1292.txt	0.1691016210409723	0.06340515056851552	7.18402627475412E-5	2.0705363456594277E-4	0.07466065417555463	6.833303339163775E-5	7.167915899749051E-5	6.827955131937075E-5	0.005035956118995338	6.84614621166775E-5	0.03491416755450282	6.832412434100665E-5	0.23230619943714528	6.853785220574869E-5	0.0014580864870409344	0.4182123054108572	1.4506190599310835E-4	6.82882207371655E-5
24	file:/Users/simonemordue/SDG/SDGclassy-master/project-simone/abstracts/706.txt	3.2875411440740375E-4	1.1044798775875327E-4	1.1587513881508764E-4	0.0023370904556358307	0.18853045849399222	0.0021133403146588593	1.1561528565354845E-4	1.1013187013482599E-4	1.1028383042681458E-4	1.104252841353282E-4	2.27573596778825E-4	1.1020376443019654E-4	0.0021188103165953147	1.1054849794102272E-4	0.0023518284542473292	0.3841050748500128	2.3397838274621192E-4	0.4167595593616292
25	file:/Users/simonemordue/SDG/SDGclassy-master/project-simone/abstracts/712.txt	0.03888500893176114	0.013063778679198319	0.013705701648527479	0.0395017394434735	0.02802921070960641	0.013036591635192857	0.013674966238491282	0.013026388313295046	0.013044362163818256	0.013061093296533956	0.026917385838132427	0.013034891964489391	0.013683583003009533	0.013075667015082192	0.04124494867654242	0.6523116967937475	0.027674943382307304	0.013028042266791556
26	file:/Users/simonemordue/SDG/SDGclassy-master/project-simone/abstracts/1286.txt	8.908926908428888E-4	2.9930364579602105E-4	3.1401071407683606E-4	9.050225758602369E-4	6.421759859977127E-4	2.9868076465350686E-4	3.133065364797739E-4	2.984469968043846E-4	2.98858794885376E-4	2.9924212111456875E-4	6.167030163699635E-4	2.9864182357445976E-4	0.33686639722341405	2.995760189247971E-4	9.449611642009598E-4	0.6554812356533513	6.340593831945839E-4	2.9848489045855917E-4
27	file:/Users/simonemordue/SDG/SDGclassy-master/project-simone/abstracts/1443.txt	0.041253970462752025	8.693806602805213E-5	9.120999552585701E-5	2.628798999349211E-4	0.009646961012339257	8.675713912436705E-5	0.011128173295937108	0.2760158852699895	0.23975102483402708	8.69201950903152E-5	1.791323570893287E-4	8.674582799552198E-5	9.106279827828328E-5	0.011124185022962294	2.744807730916728E-4	0.4095627989833942	1.8417382245802753E-4	8.670024398148209E-5
28	file:/Users/simonemordue/SDG/SDGclassy-master/project-simone/abstracts/29.txt	2.1847222258589738E-4	7.339776540679971E-5	7.700435678201041E-5	0.002884270825883054	0.006813313697847644	7.324501723745155E-5	7.68316724101364E-5	0.19974820421609948	7.328867531304663E-5	7.338267780529739E-5	0.09333290749564056	0.20374175232367153	0.1558233929747938	7.346455904359573E-5	2.3173134982734796E-4	0.3258073195798053	0.006811323276024153	0.004066697313822397
29	file:/Users/simonemordue/SDG/SDGclassy-master/project-simone/abstracts/1325.txt	4.8668680072202477E-4	1.635069355873662E-4	1.7154127696558335E-4	4.944058319862244E-4	3.5081506374245867E-4	1.631666611260352E-4	1.7115659096986592E-4	0.017955542520181708	0.003128681178195249	1.6347332519782185E-4	0.3680486397358472	1.631453879588256E-4	0.00906751622102665	1.6365573061959536E-4	5.162239297040429E-4	0.5982824021179945	3.463810353891126E-4	1.6305965678503774E-4
30	file:/Users/simonemordue/SDG/SDGclassy-master/project-simone/abstracts/869.txt	0.03888500893176114	0.013063778679198319	0.013705701648527479	0.0395017394434735	0.02802921070960641	0.013036591635192857	0.013674966238491282	0.013026388313295046	0.013044362163818256	0.013061093296533956	0.026917385838132427	0.013034891964489391	0.013683583003009533	0.013075667015082192	0.04124494867654242	0.6523116967937475	0.027674943382307304	0.013028042266791556
31	file:/Users/simonemordue/SDG/SDGclassy-master/project-simone/abstracts/1331.txt	0.03888500893176114	0.013063778679198319	0.013705701648527479	0.0395017394434735	0.02802921070960641	0.013036591635192857	0.013674966238491282	0.013026388313295046	0.013044362163818256	0.013061093296533956	0.026917385838132427	0.013034891964489391	0.013683583003009533	0.013075667015082192	0.04124494867654242	0.6523116967937475	0.027674943382307304	0.013028042266791556
32	file:/Users/simonemordue/SDG/SDGclassy-master/project-simone/abstracts/1457.txt	0.008087816110188393	1.409381523801558E-4	1.4786351750530863E-4	4.2616323421265477E-4	0.015639005136412688	1.406448458380824E-4	1.4753192953145193E-4	0.012921045522779787	1.4072867793401533E-4	0.0819361780141695	0.030963623156042574	1.4062650899584987E-4	0.08705509802622849	1.4106640930608E-4	4.44969790459047E-4	0.4006771748328923	0.013079080983817794	0.34777044515130506
33	file:/Users/simonemordue/SDG/SDGclassy-master/project-simone/abstracts/15.txt	0.08487817155749217	2.726621279737876E-4	2.8606009552288895E-4	0.005769557869110132	5.850148280356473E-4	2.720946905229641E-4	2.854185979508304E-4	2.7188173074085386E-4	0.3810444075209262	2.7260607970707476E-4	5.618092500145657E-4	2.7205921565445616E-4	2.855984437219116E-4	2.7291025671507787E-4	0.010751034322486776	0.46361824780894473	0.01541289929424959	0.03488756631023026
34	file:/Users/simonemordue/SDG/SDGclassy-master/project-simone/abstracts/1319.txt	0.18259812263113587	8.818953231810624E-5	9.252295588869467E-5	2.6666403441285164E-4	0.0033880870992703785	8.8006000986565E-5	9.231547063475254E-5	8.79371215139135E-5	0.37915421988768866	8.817140412969455E-5	1.8171095259527078E-4	8.799452703495311E-5	0.0016918089200453595	0.0048865756276888295	0.056258666711558554	0.3226911754379178	1.8682498944214544E-4	0.04807100669573707
35	file:/Users/simonemordue/SDG/SDGclassy-master/project-simone/abstracts/855.txt	0.03888500893176114	0.013063778679198319	0.013705701648527479	0.0395017394434735	0.02802921070960641	0.013036591635192857	0.013674966238491282	0.013026388313295046	0.013044362163818256	0.013061093296533956	0.026917385838132427	0.013034891964489391	0.013683583003009533	0.013075667015082192	0.04124494867654242	0.6523116967937475	0.027674943382307304	0.013028042266791556
36	file:/Users/simonemordue/SDG/SDGclassy-master/project-simone/abstracts/699.txt	0.0035639775641064055	9.080375751856241E-5	9.5265637889008E-5	2.745688256107778E-4	1.9482553365394133E-4	9.061478572011566E-5	0.17960145735407668	9.054386443537528E-5	9.066879713705856E-5	9.078509195155556E-5	0.015008727257239942	9.060297164317751E-5	9.511189553210106E-5	0.1795972917429851	0.23413906681454125	0.22850538512392887	0.0018392108466265963	0.15654109213540313
37	file:/Users/simonemordue/SDG/SDGclassy-master/project-simone/abstracts/841.txt	0.03888500893176114	0.013063778679198319	0.013705701648527479	0.0395017394434735	0.02802921070960641	0.013036591635192857	0.013674966238491282	0.013026388313295046	0.013044362163818256	0.013061093296533956	0.026917385838132427	0.013034891964489391	0.013683583003009533	0.013075667015082192	0.04124494867654242	0.6523116967937475	0.027674943382307304	0.013028042266791556
38	file:/Users/simonemordue/SDG/SDGclassy-master/project-simone/abstracts/1480.txt	0.1706526067737365	0.103723789207806	6.662737540039862E-5	0.15222711022908056	0.1498677771211684	6.337463831434061E-5	0.01158428711784987	0.005822229615097453	6.341241309895661E-5	6.349374796884577E-5	0.007041538682901788	6.33663757240026E-5	6.651985027428215E-5	0.14749152179383943	0.0013522845271282055	0.24965219155795218	1.3453589529404888E-4	6.333307736456092E-5
39	file:/Users/simonemordue/SDG/SDGclassy-master/project-simone/abstracts/114.txt	0.03888500893176114	0.013063778679198319	0.013705701648527479	0.0395017394434735	0.02802921070960641	0.013036591635192857	0.013674966238491282	0.013026388313295046	0.013044362163818256	0.013061093296533956	0.026917385838132427	0.013034891964489391	0.013683583003009533	0.013075667015082192	0.04124494867654242	0.6523116967937475	0.027674943382307304	0.013028042266791556
40	file:/Users/simonemordue/SDG/SDGclassy-master/project-simone/abstracts/672.txt	2.0156802142233028E-4	6.77186425567311E-5	7.10461753614758E-5	0.0014329332421487034	0.02962133354627982	6.75777132161176E-5	0.004983559964114086	6.752482230871197E-5	0.19780271074080147	6.770472235238274E-5	0.011193046016369187	6.756890264180685E-5	7.093151905211456E-5	6.778026806249662E-5	0.0014419695069121106	0.27971924733341247	1.4345846211161065E-4	0.4729123204008763
41	file:/Users/simonemordue/SDG/SDGclassy-master/project-simone/abstracts/666.txt	0.00696604326520405	0.04855599778143964	1.2735498016450868E-4	3.6705477561797454E-4	0.0024620237727885587	0.006725856753305034	1.2706938314540763E-4	0.24889880006517143	0.004524355884125086	1.2136520408538092E-4	2.5011949241315114E-4	1.2112173824843284E-4	1.2714945112751066E-4	0.21807723493487235	3.832528793702135E-4	0.29666900220533865	0.0068618780270933155	0.1586343194064884
42	file:/Users/simonemordue/SDG/SDGclassy-master/project-simone/abstracts/100.txt	0.03888500893176114	0.013063778679198319	0.013705701648527479	0.0395017394434735	0.02802921070960641	0.013036591635192857	0.013674966238491282	0.013026388313295046	0.013044362163818256	0.013061093296533956	0.026917385838132427	0.013034891964489391	0.013683583003009533	0.013075667015082192	0.04124494867654242	0.6523116967937475	0.027674943382307304	0.013028042266791556
43	file:/Users/simonemordue/SDG/SDGclassy-master/project-simone/abstracts/1494.txt	0.03888500893176114	0.013063778679198319	0.013705701648527479	0.0395017394434735	0.02802921070960641	0.013036591635192857	0.013674966238491282	0.013026388313295046	0.013044362163818256	0.013061093296533956	0.026917385838132427	0.013034891964489391	0.013683583003009533	0.013075667015082192	0.04124494867654242	0.6523116967937475	0.027674943382307304	0.013028042266791556
44	file:/Users/simonemordue/SDG/SDGclassy-master/project-simone/abstracts/128.txt	6.188086653230733E-4	2.0789449895041085E-4	0.007759000280094427	0.004399068368157682	0.007986941889684483	2.074618494827298E-4	2.1762082197869815E-4	0.07938664805229552	2.0758550820313738E-4	2.0785176427943954E-4	0.14370527465053554	0.011518770312180076	0.09824933237563942	2.0808368767540568E-4	0.019508590150885973	0.4741455207097835	0.0042108589762426245	0.14725468743860765
45	file:/Users/simonemordue/SDG/SDGclassy-master/project-simone/abstracts/896.txt	8.493959185022058E-4	2.853624210245135E-4	2.9938445072490144E-4	0.026740016096708265	0.16622601421827363	2.8476855298002095E-4	0.015825002141258555	0.15037200666768655	0.057214664874663784	0.12449561630878049	0.0316405558251374	2.847314257323236E-4	2.9890129570599145E-4	2.8562210732149406E-4	9.009459436197537E-4	0.41793247464466693	0.005779955304829987	2.8458180238318865E-4
46	file:/Users/simonemordue/SDG/SDGclassy-master/project-simone/abstracts/882.txt	0.027827638385632375	5.864359324053963E-5	6.152519973660198E-5	1.773241875189972E-4	1.2582375069817135E-4	5.852154999491977E-5	6.138722779689714E-5	0.04579242023742431	0.22447395846620455	5.863153849799299E-5	0.003311573057386688	5.851392013530375E-5	0.0968472154115174	5.8696960244911114E-5	0.0033758898058449164	0.4687763274639662	1.2423343678129347E-4	0.1287516758073779
47	file:/Users/simonemordue/SDG/SDGclassy-master/project-simone/abstracts/1127.txt	0.1891290598133428	4.9619234082053315E-5	5.2057405063050443E-5	1.50036685726696E-4	0.0010063726494979356	4.9515971440084796E-5	0.06844519679110564	4.947721687832326E-5	4.954548569382969E-5	0.0027493428288365086	0.14588786331884124	4.950951570009036E-5	0.1674354686495759	4.9664388714227796E-5	0.0010565690598820657	0.27965029931976665	1.0511579594354762E-4	0.14403528586990927
48	file:/Users/simonemordue/SDG/SDGclassy-master/project-simone/abstracts/1641.txt	0.03888500893176114	0.013063778679198319	0.013705701648527479	0.0395017394434735	0.02802921070960641	0.013036591635192857	0.013674966238491282	0.013026388313295046	0.013044362163818256	0.013061093296533956	0.026917385838132427	0.013034891964489391	0.013683583003009533	0.013075667015082192	0.04124494867654242	0.6523116967937475	0.027674943382307304	0.013028042266791556
49	file:/Users/simonemordue/SDG/SDGclassy-master/project-simone/abstracts/1899.txt	0.06381002918082139	5.399216854364939E-5	0.027474813276983145	0.007017801408188979	1.1584380797787686E-4	5.3879805383020844E-5	5.651818666776786E-5	5.383763538847792E-5	5.3911920722810235E-5	5.39810699452286E-5	1.1124867227282766E-4	5.387278069978456E-5	0.2742382344182167	5.4041302645696576E-5	1.7046401927062538E-4	0.4746801616141737	1.1437963274077652E-4	0.15183298909935727
50	file:/Users/simonemordue/SDG/SDGclassy-master/project-simone/abstracts/1655.txt	0.03888500893176114	0.013063778679198319	0.013705701648527479	0.0395017394434735	0.02802921070960641	0.013036591635192857	0.013674966238491282	0.013026388313295046	0.013044362163818256	0.013061093296533956	0.026917385838132427	0.013034891964489391	0.013683583003009533	0.013075667015082192	0.04124494867654242	0.6523116967937475	0.027674943382307304	0.013028042266791556
51	file:/Users/simonemordue/SDG/SDGclassy-master/project-simone/abstracts/1133.txt	0.03888500893176114	0.013063778679198319	0.013705701648527479	0.0395017394434735	0.02802921070960641	0.013036591635192857	0.013674966238491282	0.013026388313295046	0.013044362163818256	0.013061093296533956	0.026917385838132427	0.013034891964489391	0.013683583003009533	0.013075667015082192	0.04124494867654242	0.6523116967937475	0.027674943382307304	0.013028042266791556
52	file:/Users/simonemordue/SDG/SDGclassy-master/project-simone/abstracts/1669.txt	0.0048028474401058344	5.128056042581531E-5	5.3800365026441236E-5	0.03642668421849764	1.1002587144029043E-4	5.117384039578745E-5	0.09677801059518676	5.1133788273199224E-5	5.1204342830994035E-5	5.1270019223964924E-5	0.0010357031568503496	0.09119524818905446	5.371354048923239E-5	5.132722690276858E-5	1.6190293289604932E-4	0.6312687352274347	1.0863523037612561E-4	0.13769730345458928
53	file:/Users/simonemordue/SDG/SDGclassy-master/project-simone/abstracts/470.txt	0.11553265021788345	0.32473552889048735	3.6793676081164716E-4	0.007420931709455693	7.524588861678399E-4	3.4997415099812993E-4	3.671116525829013E-4	3.497002374616418E-4	3.501827549211937E-4	3.506319109683622E-4	7.22611363414861E-4	3.4992852244520234E-4	0.006727829736682689	0.21660757307610592	0.001107242314553089	0.31645452802016005	0.007103435156187809	3.4974463871213194E-4
54	file:/Users/simonemordue/SDG/SDGclassy-master/project-simone/abstracts/316.txt	0.03888500893176114	0.013063778679198319	0.013705701648527479	0.0395017394434735	0.02802921070960641	0.013036591635192857	0.013674966238491282	0.013026388313295046	0.013044362163818256	0.013061093296533956	0.026917385838132427	0.013034891964489391	0.013683583003009533	0.013075667015082192	0.04124494867654242	0.6523116967937475	0.027674943382307304	0.013028042266791556
55	file:/Users/simonemordue/SDG/SDGclassy-master/project-simone/abstracts/1682.txt	0.03888500893176114	0.013063778679198319	0.013705701648527479	0.0395017394434735	0.02802921070960641	0.013036591635192857	0.013674966238491282	0.013026388313295046	0.013044362163818256	0.013061093296533956	0.026917385838132427	0.013034891964489391	0.013683583003009533	0.013075667015082192	0.04124494867654242	0.6523116967937475	0.027674943382307304	0.013028042266791556
56	file:/Users/simonemordue/SDG/SDGclassy-master/project-simone/abstracts/1696.txt	0.1551071980193016	0.15340687943148718	8.869278012445177E-5	0.06005133780163417	1.8138353557376185E-4	8.436281374887898E-5	8.849388414420343E-5	0.05528033943194327	8.441309864523066E-5	0.19327067063160744	0.007840305692681673	8.435181478480896E-5	8.854964522965529E-5	8.461567961198323E-5	0.015599139715269012	0.34919652710499055	1.7909098937866845E-4	0.009283647929842912
57	file:/Users/simonemordue/SDG/SDGclassy-master/project-simone/abstracts/302.txt	0.03888500893176114	0.013063778679198319	0.013705701648527479	0.0395017394434735	0.02802921070960641	0.013036591635192857	0.013674966238491282	0.013026388313295046	0.013044362163818256	0.013061093296533956	0.026917385838132427	0.013034891964489391	0.013683583003009533	0.013075667015082192	0.04124494867654242	0.6523116967937475	0.027674943382307304	0.013028042266791556
58	file:/Users/simonemordue/SDG/SDGclassy-master/project-simone/abstracts/464.txt	1.1507395246525841E-4	0.1584994120704143	4.0559827638806036E-5	8.180528370986985E-4	8.294795730910681E-5	7.397334732991284E-4	0.07576507597899759	3.8549508685691354E-5	3.860269941593795E-5	7.398059820393846E-4	0.037240807474198334	3.857467387865907E-5	0.05262702708485707	0.21669521012198348	1.2205781595075759E-4	0.32866806852637787	8.18995599266309E-5	0.12764854045546303
59	file:/Users/simonemordue/SDG/SDGclassy-master/project-simone/abstracts/1866.txt	0.03888500893176114	0.013063778679198319	0.013705701648527479	0.0395017394434735	0.02802921070960641	0.013036591635192857	0.013674966238491282	0.013026388313295046	0.013044362163818256	0.013061093296533956	0.026917385838132427	0.013034891964489391	0.013683583003009533	0.013075667015082192	0.04124494867654242	0.6523116967937475	0.027674943382307304	0.013028042266791556
60	file:/Users/simonemordue/SDG/SDGclassy-master/project-simone/abstracts/1872.txt	0.07498798582640286	2.726621279737876E-4	2.8606009552288895E-4	8.244650035654572E-4	5.850148280356474E-4	2.720946905229642E-4	2.854185979508304E-4	2.718817307408539E-4	2.722568739863029E-4	2.726060797070748E-4	0.010451994981103916	2.720592156544562E-4	0.13380310581342816	2.729102567150779E-4	8.608485913974347E-4	0.3943869476913193	5.776206976155745E-4	0.38104406689835746
61	file:/Users/simonemordue/SDG/SDGclassy-master/project-simone/abstracts/458.txt	1.3870688174220545E-4	4.659986082404733E-5	4.888966699461036E-5	1.4090682378940978E-4	9.9983117454016E-5	4.650288180304714E-5	0.045686927926208785	0.0042722209202701086	0.41924137053029087	4.6590281784055026E-5	0.04150841058304425	4.6496818900408235E-5	4.881076747954172E-5	0.08287142918945098	1.4712503290355798E-4	0.222911245340283	9.871940895496337E-5	0.18259906396782175
62	file:/Users/simonemordue/SDG/SDGclassy-master/project-simone/abstracts/1873.txt	0.03888500893176114	0.013063778679198319	0.013705701648527479	0.0395017394434735	0.02802921070960641	0.013036591635192857	0.013674966238491282	0.013026388313295046	0.013044362163818256	0.013061093296533956	0.026917385838132427	0.013034891964489391	0.013683583003009533	0.013075667015082192	0.04124494867654242	0.6523116967937475	0.027674943382307304	0.013028042266791556
63	file:/Users/simonemordue/SDG/SDGclassy-master/project-simone/abstracts/459.txt	2.5877562357924937E-4	0.006393891118208481	0.011128377836841608	2.628798999349212E-4	1.8653143406862185E-4	8.675713912436709E-5	9.100545462136508E-5	0.009547118815366457	0.11991891684259902	0.012700826299451172	0.22092248918340432	0.012700651932356389	0.13096033863102216	8.701718164654328E-5	2.744807730916729E-4	0.47420906776824373	1.841738224580276E-4	8.670024398148213E-5
64	file:/Users/simonemordue/SDG/SDGclassy-master/project-simone/abstracts/1867.txt	0.03888500893176114	0.013063778679198319	0.013705701648527479	0.0395017394434735	0.02802921070960641	0.013036591635192857	0.013674966238491282	0.013026388313295046	0.013044362163818256	0.013061093296533956	0.026917385838132427	0.013034891964489391	0.013683583003009533	0.013075667015082192	0.04124494867654242	0.6523116967937475	0.027674943382307304	0.013028042266791556
65	file:/Users/simonemordue/SDG/SDGclassy-master/project-simone/abstracts/303.txt	0.03888500893176114	0.013063778679198319	0.013705701648527479	0.0395017394434735	0.02802921070960641	0.013036591635192857	0.013674966238491282	0.013026388313295046	0.013044362163818256	0.013061093296533956	0.026917385838132427	0.013034891964489391	0.013683583003009533	0.013075667015082192	0.04124494867654242	0.6523116967937475	0.027674943382307304	0.013028042266791556
66	file:/Users/simonemordue/SDG/SDGclassy-master/project-simone/abstracts/1697.txt	3.22932259462353E-4	1.0849208170153702E-4	1.1382312419274573E-4	3.280540836073893E-4	2.3277701597764885E-4	1.0826629871241149E-4	0.11226957252619048	0.14571422269120887	1.0833083140599067E-4	1.0846978013301108E-4	2.2354353171893062E-4	1.0825218328552356E-4	1.1363943324423926E-4	1.0859081196478485E-4	3.425310893176998E-4	0.5740679388901071	2.2983489633819713E-4	0.1653907284714302
67	file:/Users/simonemordue/SDG/SDGclassy-master/project-simone/abstracts/465.txt	0.03888500893176114	0.013063778679198319	0.013705701648527479	0.0395017394434735	0.02802921070960641	0.013036591635192857	0.013674966238491282	0.013026388313295046	0.013044362163818256	0.013061093296533956	0.026917385838132427	0.013034891964489391	0.013683583003009533	0.013075667015082192	0.04124494867654242	0.6523116967937475	0.027674943382307304	0.013028042266791556
68	file:/Users/simonemordue/SDG/SDGclassy-master/project-simone/abstracts/471.txt	7.77011305656297E-4	2.6104414033032976E-4	2.7387122763805095E-4	0.00552372008984223	5.6008765867089E-4	0.0381355816789257	2.732570639349124E-4	2.602969954066793E-4	0.009729426353458668	2.6099048025032606E-4	5.37870857935131E-4	2.604669177829081E-4	2.734292465737439E-4	2.6128169643847984E-4	0.0055585533924292505	0.557488964282957	5.530085881987934E-4	0.3790111380235704
69	file:/Users/simonemordue/SDG/SDGclassy-master/project-simone/abstracts/1683.txt	2.8285936336857524E-4	9.502922133490284E-5	0.0018231809319034275	0.03992743623899118	2.0389154882171295E-4	0.27757546581212844	9.947515380784598E-5	0.02077654364602487	9.488798070438432E-5	9.500968718403828E-5	0.0019192860552288834	9.481909208569228E-5	0.16383034692649961	9.511570008884952E-5	3.000261603460036E-4	0.4924905426969021	2.0131451892214507E-4	9.476926565686268E-5
70	file:/Users/simonemordue/SDG/SDGclassy-master/project-simone/abstracts/317.txt	0.03888500893176114	0.013063778679198319	0.013705701648527479	0.0395017394434735	0.02802921070960641	0.013036591635192857	0.013674966238491282	0.013026388313295046	0.013044362163818256	0.013061093296533956	0.026917385838132427	0.013034891964489391	0.013683583003009533	0.013075667015082192	0.04124494867654242	0.6523116967937475	0.027674943382307304	0.013028042266791556
71	file:/Users/simonemordue/SDG/SDGclassy-master/project-simone/abstracts/1668.txt	9.873672646038727E-4	0.00634781407731829	3.4801486531561566E-4	0.0010030272717653935	0.036808310515293145	0.01236322264999015	0.2650555862734453	3.3076575651910133E-4	3.3122214812381063E-4	3.3164698466614534E-4	0.10295716704362184	3.3098168103730424E-4	3.4745322917043383E-4	3.320170401968855E-4	0.0010472908010629688	0.5580123852987513	0.012734919345449876	3.3080775366876115E-4
72	file:/Users/simonemordue/SDG/SDGclassy-master/project-simone/abstracts/1654.txt	2.06124828995129E-4	0.3165644235754243	7.265230190685296E-5	0.0014653272747093406	1.4857952776929943E-4	0.028955569725434904	7.248937713682336E-5	0.0013249845726189067	6.914661959023993E-5	0.001325168539626551	0.0013986191060300626	0.15454888374392958	7.253505358544994E-5	6.93125629008052E-5	2.186345902037609E-4	0.47066498874669827	1.467015986067721E-4	0.02267585825483272
73	file:/Users/simonemordue/SDG/SDGclassy-master/project-simone/abstracts/1132.txt	0.03888500893176114	0.013063778679198319	0.013705701648527479	0.0395017394434735	0.02802921070960641	0.013036591635192857	0.013674966238491282	0.013026388313295046	0.013044362163818256	0.013061093296533956	0.026917385838132427	0.013034891964489391	0.013683583003009533	0.013075667015082192	0.04124494867654242	0.6523116967937475	0.027674943382307304	0.013028042266791556
74	file:/Users/simonemordue/SDG/SDGclassy-master/project-simone/abstracts/1126.txt	0.03888500893176114	0.013063778679198319	0.013705701648527479	0.0395017394434735	0.02802921070960641	0.013036591635192857	0.013674966238491282	0.013026388313295046	0.013044362163818256	0.013061093296533956	0.026917385838132427	0.013034891964489391	0.013683583003009533	0.013075667015082192	0.04124494867654242	0.6523116967937475	0.027674943382307304	0.013028042266791556
75	file:/Users/simonemordue/SDG/SDGclassy-master/project-simone/abstracts/1898.txt	0.03888500893176114	0.013063778679198319	0.013705701648527479	0.0395017394434735	0.02802921070960641	0.013036591635192857	0.013674966238491282	0.013026388313295046	0.013044362163818256	0.013061093296533956	0.026917385838132427	0.013034891964489391	0.013683583003009533	0.013075667015082192	0.04124494867654242	0.6523116967937475	0.027674943382307304	0.013028042266791556
76	file:/Users/simonemordue/SDG/SDGclassy-master/project-simone/abstracts/1640.txt	0.03888500893176114	0.013063778679198319	0.013705701648527479	0.0395017394434735	0.02802921070960641	0.013036591635192857	0.013674966238491282	0.013026388313295046	0.013044362163818256	0.013061093296533956	0.026917385838132427	0.013034891964489391	0.013683583003009533	0.013075667015082192	0.04124494867654242	0.6523116967937475	0.027674943382307304	0.013028042266791556
77	file:/Users/simonemordue/SDG/SDGclassy-master/project-simone/abstracts/883.txt	0.03888500893176114	0.013063778679198319	0.013705701648527479	0.0395017394434735	0.02802921070960641	0.013036591635192857	0.013674966238491282	0.013026388313295046	0.013044362163818256	0.013061093296533956	0.026917385838132427	0.013034891964489391	0.013683583003009533	0.013075667015082192	0.04124494867654242	0.6523116967937475	0.027674943382307304	0.013028042266791556
78	file:/Users/simonemordue/SDG/SDGclassy-master/project-simone/abstracts/129.txt	0.03888500893176114	0.013063778679198319	0.013705701648527479	0.0395017394434735	0.02802921070960641	0.013036591635192857	0.013674966238491282	0.013026388313295046	0.013044362163818256	0.013061093296533956	0.026917385838132427	0.013034891964489391	0.013683583003009533	0.013075667015082192	0.04124494867654242	0.6523116967937475	0.027674943382307304	0.013028042266791556
79	file:/Users/simonemordue/SDG/SDGclassy-master/project-simone/abstracts/897.txt	2.702820530608876E-4	0.042908845401110306	9.5265637889008E-5	0.03485837169158872	0.056187649221427764	9.061478572011566E-5	9.50520020958202E-5	9.054386443537528E-5	9.066879713705856E-5	9.078509195155556E-5	0.029830357056944777	9.060297164317751E-5	0.10055282498242041	9.088639100427949E-5	0.003580381041354895	0.3124946206555896	0.011720297379763156	0.40686195097486266
80	file:/Users/simonemordue/SDG/SDGclassy-master/project-simone/abstracts/667.txt	0.3096174214599448	0.100172994267481	0.10407656765957501	0.0028167780025774945	0.02615413604475309	0.0819726061786965	7.503378767486352E-5	7.147507626884933E-5	7.157369779817071E-5	0.0013716825659581733	0.009247813673215538	7.152173533528136E-5	7.508106738788297E-5	7.174546579539763E-5	0.014526496483963383	0.30778319169848245	1.5185089231277077E-4	0.041672030242778976
81	file:/Users/simonemordue/SDG/SDGclassy-master/project-simone/abstracts/1495.txt	0.03888500893176114	0.013063778679198319	0.013705701648527479	0.0395017394434735	0.02802921070960641	0.013036591635192857	0.013674966238491282	0.013026388313295046	0.013044362163818256	0.013061093296533956	0.026917385838132427	0.013034891964489391	0.013683583003009533	0.013075667015082192	0.04124494867654242	0.6523116967937475	0.027674943382307304	0.013028042266791556
82	file:/Users/simonemordue/SDG/SDGclassy-master/project-simone/abstracts/101.txt	0.147805641700046	0.02158277537470708	1.5499480341253037E-4	0.00312609658493381	3.1697625668150966E-4	0.07517006776919406	0.04302472710082602	0.005506072581120336	1.4751585880611083E-4	1.4770506755241514E-4	0.20125790229640753	1.474087623785877E-4	0.01623102462251297	1.4786987857043522E-4	0.019222090113628763	0.4253601301190237	0.013709869886130785	0.026941131224066547
83	file:/Users/simonemordue/SDG/SDGclassy-master/project-simone/abstracts/115.txt	0.2517588579186953	1.592565757985498E-4	1.6708206462014036E-4	4.8155376146039806E-4	3.4169563260098704E-4	1.5892514676559406E-4	1.6670737852981924E-4	0.14457536543495986	0.15324057842916525	1.5922383911046457E-4	3.281417117740403E-4	1.5890442659397555E-4	1.6681242290062016E-4	1.5940150290664782E-4	5.028046981285941E-4	0.3949885279826849	0.003225708160209412	0.04926045291309463
84	file:/Users/simonemordue/SDG/SDGclassy-master/project-simone/abstracts/1481.txt	3.1731301318084027E-4	1.0660424390022872E-4	1.1184252253828386E-4	3.2234571401769586E-4	2.2872653373833416E-4	1.0638238969240297E-4	0.00977864540037977	1.0629912761005317E-4	1.0644579947215795E-4	1.0658233039453125E-4	0.002153064456088305	1.0636851988377624E-4	1.116620279402475E-4	0.33071993737727096	0.006136803022393987	0.4345402374200434	2.258356090302011E-4	0.21471490449242414
85	file:/Users/simonemordue/SDG/SDGclassy-master/project-simone/abstracts/673.txt	0.03888500893176114	0.013063778679198319	0.013705701648527479	0.0395017394434735	0.02802921070960641	0.013036591635192857	0.013674966238491282	0.013026388313295046	0.013044362163818256	0.013061093296533956	0.026917385838132427	0.013034891964489391	0.013683583003009533	0.013075667015082192	0.04124494867654242	0.6523116967937475	0.027674943382307304	0.013028042266791556
86	file:/Users/simonemordue/SDG/SDGclassy-master/project-simone/abstracts/840.txt	0.03888500893176114	0.013063778679198319	0.013705701648527479	0.0395017394434735	0.02802921070960641	0.013036591635192857	0.013674966238491282	0.013026388313295046	0.013044362163818256	0.013061093296533956	0.026917385838132427	0.013034891964489391	0.013683583003009533	0.013075667015082192	0.04124494867654242	0.6523116967937475	0.027674943382307304	0.013028042266791556
